logwavrest logwavobs lognuLnu logfnu
-4.7 -3.855 8.847 -6.521
-4.689 -3.844 8.847 -6.51
-4.679 -3.833 8.847 -6.499
-4.668 -3.823 8.847 -6.489
-4.657 -3.812 8.847 -6.478
-4.646 -3.801 8.847 -6.468
-4.636 -3.791 8.846 -6.457
-4.625 -3.78 8.846 -6.447
-4.614 -3.769 8.846 -6.436
-4.603 -3.758 8.845 -6.426
-4.593 -3.748 8.845 -6.416
-4.582 -3.737 8.845 -6.405
-4.571 -3.726 8.844 -6.395
-4.561 -3.715 8.844 -6.385
-4.55 -3.705 8.843 -6.375
-4.539 -3.694 8.842 -6.365
-4.528 -3.683 8.842 -6.355
-4.518 -3.673 8.841 -6.345
-4.507 -3.662 8.84 -6.335
-4.496 -3.651 8.839 -6.325
-4.486 -3.64 8.838 -6.315
-4.475 -3.63 8.838 -6.305
-4.464 -3.619 8.837 -6.295
-4.453 -3.608 8.836 -6.286
-4.443 -3.598 8.835 -6.276
-4.432 -3.587 8.834 -6.266
-4.421 -3.576 8.833 -6.256
-4.41 -3.565 8.832 -6.247
-4.4 -3.555 8.831 -6.237
-4.389 -3.544 8.829 -6.228
-4.378 -3.533 8.828 -6.218
-4.368 -3.522 8.827 -6.209
-4.357 -3.512 8.826 -6.199
-4.346 -3.501 8.824 -6.19
-4.335 -3.49 8.823 -6.18
-4.325 -3.48 8.822 -6.171
-4.314 -3.469 8.82 -6.162
-4.303 -3.458 8.819 -6.152
-4.292 -3.447 8.817 -6.143
-4.282 -3.437 8.816 -6.134
-4.271 -3.426 8.814 -6.125
-4.26 -3.415 8.813 -6.115
-4.25 -3.404 8.811 -6.106
-4.239 -3.394 8.81 -6.097
-4.228 -3.383 8.808 -6.088
-4.217 -3.372 8.806 -6.079
-4.207 -3.362 8.804 -6.07
-4.196 -3.351 8.803 -6.061
-4.185 -3.34 8.801 -6.052
-4.175 -3.329 8.799 -6.044
-4.164 -3.319 8.797 -6.035
-4.153 -3.308 8.795 -6.026
-4.142 -3.297 8.793 -6.017
-4.132 -3.287 8.791 -6.009
-4.121 -3.276 8.789 -6.0
-4.11 -3.265 8.787 -5.991
-4.099 -3.254 8.784 -5.983
-4.089 -3.244 8.782 -5.975
-4.078 -3.233 8.78 -5.966
-4.067 -3.222 8.777 -5.958
-4.057 -3.211 8.775 -5.95
-4.046 -3.201 8.772 -5.941
-4.035 -3.19 8.77 -5.933
-4.024 -3.179 8.767 -5.925
-4.014 -3.169 8.764 -5.917
-4.003 -3.158 8.761 -5.91
-4.0 -3.155 8.761 -5.907
-3.989 -3.144 8.758 -5.9
-3.979 -3.133 8.755 -5.892
-3.968 -3.123 8.751 -5.885
-3.957 -3.112 8.748 -5.877
-3.946 -3.101 8.745 -5.87
-3.936 -3.091 8.741 -5.863
-3.925 -3.08 8.737 -5.856
-3.914 -3.069 8.733 -5.849
-3.903 -3.058 8.729 -5.842
-3.893 -3.048 8.725 -5.836
-3.882 -3.037 8.721 -5.829
-3.871 -3.026 8.716 -5.823
-3.861 -3.015 8.711 -5.817
-3.85 -3.005 8.706 -5.811
-3.839 -2.994 8.701 -5.806
-3.828 -2.983 8.696 -5.8
-3.818 -2.973 8.692 -5.794
-3.807 -2.962 8.686 -5.789
-3.796 -2.951 8.68 -5.785
-3.786 -2.94 8.673 -5.78
-3.775 -2.93 8.666 -5.776
-3.764 -2.919 8.659 -5.773
-3.753 -2.908 8.692 -5.73
-3.743 -2.898 8.686 -5.724
-3.732 -2.887 8.681 -5.719
-3.721 -2.876 8.675 -5.714
-3.71 -2.865 8.669 -5.71
-3.7 -2.855 8.662 -5.705
-3.689 -2.844 8.655 -5.702
-3.678 -2.833 8.648 -5.698
-3.668 -2.822 8.641 -5.695
-3.657 -2.812 8.632 -5.692
-3.646 -2.801 8.624 -5.69
-3.635 -2.79 8.615 -5.689
-3.625 -2.78 8.605 -5.687
-3.614 -2.769 8.595 -5.687
-3.603 -2.758 8.584 -5.687
-3.592 -2.747 8.573 -5.688
-3.582 -2.737 8.561 -5.689
-3.571 -2.726 8.547 -5.692
-3.56 -2.715 8.534 -5.695
-3.55 -2.704 8.519 -5.699
-3.539 -2.694 8.503 -5.704
-3.528 -2.683 8.486 -5.71
-3.517 -2.672 8.468 -5.717
-3.507 -2.662 8.454 -5.721
-3.496 -2.651 8.435 -5.729
-3.485 -2.64 8.414 -5.739
-3.475 -2.629 8.392 -5.75
-3.464 -2.619 8.369 -5.763
-3.453 -2.608 8.344 -5.777
-3.442 -2.597 8.317 -5.793
-3.432 -2.587 8.289 -5.811
-3.421 -2.576 8.259 -5.83
-3.41 -2.565 8.236 -5.842
-3.399 -2.554 8.202 -5.865
-3.389 -2.544 8.166 -5.891
-3.378 -2.533 8.127 -5.919
-3.367 -2.522 8.085 -5.95
-3.357 -2.511 8.041 -5.984
-3.346 -2.501 7.993 -6.021
-3.335 -2.49 7.941 -6.062
-3.324 -2.479 7.887 -6.106
-3.314 -2.469 7.828 -6.154
-3.303 -2.458 7.764 -6.206
-3.292 -2.447 7.774 -6.186
-3.282 -2.436 7.708 -6.241
-3.271 -2.426 7.638 -6.301
-3.26 -2.415 7.563 -6.365
-3.249 -2.404 7.483 -6.435
-3.239 -2.394 7.397 -6.509
-3.228 -2.383 7.306 -6.59
-3.217 -2.372 7.209 -6.676
-3.206 -2.361 7.105 -6.77
-3.196 -2.351 6.994 -6.87
-3.185 -2.34 6.875 -6.978
-3.174 -2.329 6.748 -7.094
-3.164 -2.318 6.809 -7.023
-3.153 -2.308 6.677 -7.144
-3.142 -2.297 6.536 -7.274
-3.131 -2.286 6.386 -7.413
-3.121 -2.276 6.226 -7.562
-3.11 -2.265 6.056 -7.722
-3.099 -2.254 5.874 -7.893
-3.088 -2.243 5.68 -8.077
-3.078 -2.233 5.473 -8.273
-3.067 -2.222 5.253 -8.482
-3.056 -2.211 5.018 -8.706
-3.046 -2.2 4.768 -8.945
-3.035 -2.19 4.502 -9.201
-3.024 -2.179 4.217 -9.475
-3.013 -2.168 4.224 -9.458
-3.003 -2.158 3.913 -9.758
-2.992 -2.147 3.581 -10.079
-2.981 -2.136 3.226 -10.423
-2.971 -2.125 2.849 -10.79
-2.96 -2.115 2.449 -11.179
-2.949 -2.104 2.022 -11.595
-2.938 -2.093 1.567 -12.04
-2.928 -2.083 1.08 -12.515
-2.917 -2.072 0.561 -13.024
-2.906 -2.061 0.005 -13.569
-2.895 -2.05 -0.588 -14.151
-2.885 -2.04 -1.222 -14.775
-2.874 -2.029 -1.901 -15.443
-2.863 -2.018 -2.615 -16.146
-2.853 -2.007 -3.375 -16.895
-2.842 -1.997 -2.436 -15.946
-2.831 -1.986 -3.131 -16.63
-2.82 -1.975 -3.89 -17.378
-2.81 -1.965 -4.717 -18.195
-2.799 -1.954 -5.621 -19.088
-2.788 -1.943 -6.609 -20.065
-2.777 -1.932 -7.688 -21.134
-2.767 -1.922 -8.858 -22.293
-2.756 -1.911 -8.371 -21.795
-2.745 -1.9 -9.404 -22.817
-2.735 -1.889 -10.654 -24.057
-2.724 -1.879 -11.996 -25.388
-2.713 -1.868 -13.435 -26.816
-2.702 -1.857 -14.98 -28.351
-2.692 -1.847 -16.639 -29.998
-2.681 -1.836 -18.419 -31.768
-2.67 -1.825 -20.33 -33.668
-2.66 -1.814 -22.295 -35.622
-2.649 -1.804 -24.378 -37.695
-2.638 -1.793 -26.632 -39.938
-2.627 -1.782 -13.878 -27.173
-2.617 -1.772 -15.555 -28.839
-2.606 -1.761 -17.363 -30.637
-2.595 -1.75 -19.312 -32.575
-2.584 -1.739 -21.413 -34.666
-2.574 -1.729 -23.678 -36.92
-2.563 -1.718 -26.095 -39.326
-2.552 -1.707 -28.529 -41.749
-2.542 -1.696 -31.199 -44.409
-2.531 -1.686 -34.107 -47.306
-2.52 -1.675 -37.258 -50.447
-2.509 -1.664 -39.897 -53.075
-2.499 -1.654 -42.264 -55.431
-2.488 -1.643 -46.104 -59.26
-2.477 -1.632 -50.253 -63.398
-2.466 -1.621 -54.734 -67.869
-2.456 -1.611 -59.044 -72.168
-2.445 -1.6 -63.821 -76.934
-2.434 -1.589 -69.161 -82.263
-2.424 -1.578 -74.993 -88.085
-2.413 -1.568 -81.324 -94.405
-2.402 -1.557 -88.179 -101.249
-2.391 -1.546 -95.59 -108.65
-2.381 -1.536 -103.598 -116.647
-2.37 -1.525 -112.246 -125.284
-2.359 -1.514 -103.776 -116.803
-2.349 -1.503 -110.654 -123.67
-2.338 -1.493 -119.7 -132.706
-2.327 -1.482 -129.529 -142.524
-2.316 -1.471 -140.111 -153.095
-2.306 -1.461 -151.469 -164.443
-2.295 -1.45 -163.647 -176.61
-2.284 -1.439 -176.693 -189.645
-2.273 -1.428 -190.664 -203.606
-2.263 -1.418 -205.622 -218.553
-2.252 -1.407 -217.546 -230.466
-2.241 -1.396 -233.804 -246.713
-2.231 -1.385 -251.539 -264.437
-2.22 -1.375 -270.61 -283.498
-2.209 -1.364 -291.063 -303.94
-2.198 -1.353 -312.975 -99.0
-2.188 -1.343 -99.0 -99.0
-2.177 -1.332 -99.0 -99.0
-2.166 -1.321 -99.0 -99.0
-2.155 -1.31 -99.0 -99.0
-2.145 -1.3 -99.0 -99.0
-2.134 -1.289 -99.0 -99.0
-2.123 -1.278 -99.0 -99.0
-2.113 -1.268 -99.0 -99.0
-2.102 -1.257 -99.0 -99.0
-2.091 -1.246 -99.0 -99.0
-2.08 -1.235 -99.0 -99.0
-2.07 -1.225 -99.0 -99.0
-2.059 -1.214 -99.0 -99.0
-2.048 -1.203 -99.0 -99.0
-2.038 -1.192 -99.0 -99.0
-2.027 -1.182 -99.0 -99.0
-2.016 -1.171 -99.0 -99.0
-2.005 -1.16 -99.0 -99.0
-1.995 -1.15 -99.0 -99.0
-1.984 -1.139 -99.0 -99.0
-1.973 -1.128 -99.0 -99.0
-1.962 -1.117 -99.0 -99.0
-1.952 -1.107 -99.0 -99.0
-1.941 -1.096 -99.0 -99.0
-1.93 -1.085 -99.0 -99.0
-1.92 -1.074 -99.0 -99.0
-1.909 -1.064 -99.0 -99.0
-1.898 -1.053 -99.0 -99.0
-1.887 -1.042 -99.0 -99.0
-1.877 -1.032 -99.0 -99.0
-1.866 -1.021 -99.0 -99.0
-1.855 -1.01 -99.0 -99.0
-1.845 -0.999 -99.0 -99.0
-1.834 -0.989 -99.0 -99.0
-1.823 -0.978 -99.0 -99.0
-1.812 -0.967 -99.0 -99.0
-1.802 -0.957 -99.0 -99.0
-1.791 -0.946 -99.0 -99.0
-1.78 -0.935 -99.0 -99.0
-1.769 -0.924 -99.0 -99.0
-1.759 -0.914 -99.0 -99.0
-1.748 -0.903 -99.0 -99.0
-1.737 -0.892 -99.0 -99.0
-1.727 -0.881 -99.0 -99.0
-1.716 -0.871 -99.0 -99.0
-1.705 -0.86 -99.0 -99.0
-1.694 -0.849 -99.0 -99.0
-1.684 -0.839 -99.0 -99.0
-1.673 -0.828 -99.0 -99.0
-1.662 -0.817 -99.0 -99.0
-1.651 -0.806 -99.0 -99.0
-1.641 -0.796 -99.0 -99.0
-1.63 -0.785 -99.0 -99.0
-1.619 -0.774 -99.0 -99.0
-1.609 -0.763 -99.0 -99.0
-1.598 -0.753 -99.0 -99.0
-1.587 -0.742 -99.0 -99.0
-1.576 -0.731 -99.0 -99.0
-1.566 -0.721 -99.0 -99.0
-1.555 -0.71 -99.0 -99.0
-1.544 -0.699 -99.0 -99.0
-1.534 -0.688 -99.0 -99.0
-1.523 -0.678 -99.0 -99.0
-1.512 -0.667 -99.0 -99.0
-1.501 -0.656 -99.0 -99.0
-1.491 -0.646 -99.0 -99.0
-1.48 -0.635 -99.0 -99.0
-1.469 -0.624 -99.0 -99.0
-1.458 -0.613 -99.0 -99.0
-1.448 -0.603 -99.0 -99.0
-1.437 -0.592 -99.0 -99.0
-1.426 -0.581 -99.0 -99.0
-1.416 -0.57 -99.0 -99.0
-1.405 -0.56 -99.0 -99.0
-1.394 -0.549 -99.0 -99.0
-1.383 -0.538 -99.0 -99.0
-1.373 -0.528 -99.0 -99.0
-1.362 -0.517 -99.0 -99.0
-1.351 -0.506 -99.0 -99.0
-1.34 -0.495 -99.0 -99.0
-1.33 -0.485 -99.0 -99.0
-1.319 -0.474 -99.0 -99.0
-1.308 -0.463 -99.0 -99.0
-1.298 -0.452 -99.0 -99.0
-1.287 -0.442 -99.0 -99.0
-1.276 -0.431 -99.0 -99.0
-1.265 -0.42 -99.0 -99.0
-1.255 -0.41 -99.0 -99.0
-1.244 -0.399 -99.0 -99.0
-1.233 -0.388 -99.0 -99.0
-1.223 -0.377 -99.0 -99.0
-1.212 -0.367 -99.0 -99.0
-1.201 -0.356 -99.0 -99.0
-1.19 -0.345 -99.0 -99.0
-1.18 -0.335 -99.0 -99.0
-1.169 -0.324 -99.0 -99.0
-1.158 -0.313 -99.0 -99.0
-1.147 -0.302 -99.0 -99.0
-1.137 -0.292 -99.0 -99.0
-1.126 -0.281 -99.0 -99.0
-1.115 -0.27 -99.0 -99.0
-1.105 -0.259 -99.0 -99.0
-1.094 -0.249 -99.0 -99.0
-1.083 -0.238 -99.0 -99.0
-1.072 -0.227 -99.0 -99.0
-1.062 -0.217 -99.0 -99.0
-1.051 -0.206 -99.0 -99.0
-1.04 -0.195 -99.0 -99.0
-1.029 -0.184 8.473 -3.225
-1.019 -0.174 8.595 -3.091
-1.008 -0.163 8.731 -2.945
-0.997 -0.152 8.594 -3.072
-0.987 -0.141 9.01 -2.645
-0.976 -0.131 8.867 -2.777
-0.965 -0.12 8.723 -2.911
-0.954 -0.109 8.565 -3.057
-0.944 -0.099 8.386 -3.225
-0.933 -0.088 8.181 -3.42
-0.922 -0.077 7.947 -3.644
-0.912 -0.066 7.934 -3.646
-0.901 -0.056 9.739 -1.83
-0.89 -0.045 9.731 -1.827
-0.879 -0.034 9.714 -1.833
-0.869 -0.024 9.699 -1.837
-0.858 -0.013 9.72 -1.806
-0.847 -0.002 9.68 -1.835
-0.836 0.009 9.656 -1.849
-0.826 0.019 9.661 -1.833
-0.815 0.03 9.727 -1.756
-0.804 0.041 9.674 -1.798
-0.794 0.052 9.634 -1.827
-0.783 0.062 9.622 -1.829
-0.772 0.073 9.592 -1.848
-0.761 0.084 9.586 -1.843
-0.759 0.086 9.588 -1.839
-0.757 0.088 9.59 -1.835
-0.755 0.09 9.58 -1.843
-0.753 0.092 9.576 -1.844
-0.751 0.095 9.575 -1.844
-0.748 0.097 9.578 -1.839
-0.746 0.099 9.571 -1.843
-0.744 0.101 9.566 -1.846
-0.742 0.103 9.568 -1.842
-0.74 0.105 9.565 -1.842
-0.738 0.108 9.563 -1.843
-0.735 0.11 9.568 -1.835
-0.733 0.112 9.577 -1.825
-0.731 0.114 9.584 -1.815
-0.729 0.116 9.58 -1.817
-0.727 0.118 9.582 -1.813
-0.725 0.121 9.604 -1.788
-0.722 0.123 9.625 -1.766
-0.72 0.125 9.64 -1.748
-0.718 0.127 9.627 -1.759
-0.716 0.129 9.585 -1.798
-0.714 0.131 9.562 -1.82
-0.712 0.134 9.544 -1.836
-0.709 0.136 9.535 -1.843
-0.707 0.138 9.524 -1.851
-0.705 0.14 9.516 -1.857
-0.703 0.142 9.515 -1.856
-0.701 0.144 9.514 -1.855
-0.699 0.147 9.51 -1.857
-0.696 0.149 9.504 -1.86
-0.694 0.151 9.502 -1.861
-0.692 0.153 9.5 -1.86
-0.69 0.155 9.5 -1.858
-0.688 0.157 9.504 -1.852
-0.686 0.16 9.509 -1.844
-0.683 0.162 9.509 -1.842
-0.681 0.164 9.505 -1.845
-0.679 0.166 9.498 -1.849
-0.677 0.168 9.493 -1.852
-0.675 0.17 9.484 -1.858
-0.673 0.173 9.478 -1.862
-0.67 0.175 9.476 -1.862
-0.668 0.177 9.473 -1.863
-0.666 0.179 9.466 -1.869
-0.664 0.181 9.468 -1.864
-0.662 0.183 9.465 -1.865
-0.66 0.186 9.459 -1.868
-0.657 0.188 9.455 -1.871
-0.655 0.19 9.457 -1.866
-0.653 0.192 9.457 -1.864
-0.651 0.194 9.451 -1.867
-0.649 0.196 9.449 -1.868
-0.647 0.199 9.454 -1.86
-0.644 0.201 9.454 -1.858
-0.642 0.203 9.462 -1.848
-0.64 0.205 9.464 -1.844
-0.638 0.207 9.472 -1.834
-0.636 0.209 9.473 -1.831
-0.634 0.212 9.486 -1.816
-0.631 0.214 9.477 -1.822
-0.629 0.216 9.471 -1.827
-0.627 0.218 9.468 -1.827
-0.625 0.22 9.466 -1.827
-0.623 0.222 9.47 -1.821
-0.621 0.224 9.471 -1.817
-0.618 0.227 9.474 -1.812
-0.616 0.229 9.489 -1.795
-0.614 0.231 9.483 -1.799
-0.612 0.233 9.481 -1.798
-0.61 0.235 9.476 -1.802
-0.608 0.237 9.48 -1.795
-0.605 0.24 9.479 -1.794
-0.603 0.242 9.477 -1.794
-0.601 0.244 9.48 -1.789
-0.599 0.246 9.475 -1.792
-0.597 0.248 9.476 -1.788
-0.595 0.25 9.477 -1.786
-0.592 0.253 9.472 -1.789
-0.59 0.255 9.469 -1.789
-0.588 0.257 9.467 -1.789
-0.586 0.259 9.467 -1.787
-0.584 0.261 9.471 -1.781
-0.582 0.263 9.47 -1.78
-0.579 0.266 9.465 -1.782
-0.577 0.268 9.454 -1.791
-0.575 0.27 9.45 -1.793
-0.573 0.272 9.455 -1.786
-0.571 0.274 9.457 -1.782
-0.569 0.276 9.463 -1.773
-0.566 0.279 9.475 -1.76
-0.564 0.281 9.49 -1.743
-0.562 0.283 9.502 -1.728
-0.56 0.285 9.513 -1.715
-0.558 0.287 9.527 -1.699
-0.556 0.289 9.571 -1.653
-0.553 0.292 9.652 -1.57
-0.551 0.294 9.611 -1.609
-0.549 0.296 9.546 -1.671
-0.547 0.298 9.53 -1.685
-0.545 0.3 9.516 -1.696
-0.543 0.302 9.503 -1.707
-0.54 0.305 9.495 -1.713
-0.538 0.307 9.487 -1.72
-0.536 0.309 9.485 -1.719
-0.534 0.311 9.497 -1.705
-0.532 0.313 9.508 -1.692
-0.53 0.315 9.509 -1.688
-0.527 0.318 9.508 -1.687
-0.525 0.32 9.503 -1.691
-0.523 0.322 9.49 -1.701
-0.521 0.324 9.476 -1.713
-0.519 0.326 9.468 -1.719
-0.517 0.328 9.477 -1.707
-0.514 0.331 9.481 -1.701
-0.512 0.333 9.486 -1.694
-0.51 0.335 9.488 -1.69
-0.508 0.337 9.493 -1.683
-0.506 0.339 9.513 -1.661
-0.504 0.341 9.517 -1.654
-0.501 0.344 9.516 -1.653
-0.499 0.346 9.528 -1.639
-0.497 0.348 9.54 -1.625
-0.495 0.35 9.546 -1.617
-0.493 0.352 9.543 -1.618
-0.491 0.354 9.54 -1.618
-0.488 0.357 9.538 -1.618
-0.486 0.359 9.546 -1.608
-0.484 0.361 9.547 -1.605
-0.482 0.363 9.542 -1.607
-0.48 0.365 9.536 -1.611
-0.478 0.367 9.535 -1.61
-0.475 0.37 9.601 -1.542
-0.473 0.372 9.542 -1.599
-0.471 0.374 9.542 -1.597
-0.469 0.376 9.547 -1.59
-0.467 0.378 9.556 -1.579
-0.465 0.38 9.637 -1.495
-0.462 0.383 9.571 -1.56
-0.46 0.385 9.567 -1.562
-0.458 0.387 9.57 -1.556
-0.456 0.389 9.571 -1.553
-0.454 0.391 9.564 -1.558
-0.452 0.393 9.554 -1.566
-0.449 0.396 9.547 -1.571
-0.447 0.398 9.558 -1.558
-0.445 0.4 9.567 -1.546
-0.443 0.402 9.568 -1.543
-0.441 0.404 9.574 -1.535
-0.439 0.406 9.569 -1.537
-0.436 0.409 9.571 -1.533
-0.434 0.411 9.567 -1.535
-0.432 0.413 9.57 -1.53
-0.43 0.415 9.581 -1.517
-0.428 0.417 9.748 -1.348
-0.426 0.419 9.59 -1.504
-0.423 0.422 9.59 -1.502
-0.421 0.424 9.583 -1.506
-0.419 0.426 9.567 -1.521
-0.417 0.428 9.582 -1.503
-0.415 0.43 9.584 -1.499
-0.413 0.432 9.833 -1.247
-0.41 0.435 9.645 -1.433
-0.408 0.437 9.581 -1.495
-0.406 0.439 9.593 -1.482
-0.404 0.441 9.592 -1.48
-0.402 0.443 9.694 -1.376
-0.4 0.445 9.588 -1.479
-0.397 0.448 9.595 -1.471
-0.395 0.45 9.599 -1.465
-0.393 0.452 9.603 -1.458
-0.391 0.454 9.607 -1.452
-0.389 0.456 9.613 -1.444
-0.387 0.458 9.715 -1.34
-0.384 0.461 9.627 -1.426
-0.382 0.463 9.623 -1.427
-0.38 0.465 9.627 -1.421
-0.378 0.467 9.632 -1.414
-0.376 0.469 9.636 -1.408
-0.374 0.471 9.64 -1.402
-0.372 0.474 9.652 -1.388
-0.369 0.476 9.659 -1.379
-0.367 0.478 9.69 -1.345
-0.365 0.48 9.729 -1.304
-0.363 0.482 9.867 -1.164
-0.361 0.484 9.811 -1.218
-0.359 0.487 9.73 -1.297
-0.356 0.489 9.712 -1.312
-0.354 0.491 9.701 -1.321
-0.352 0.493 9.699 -1.321
-0.35 0.495 9.713 -1.305
-0.348 0.497 9.74 -1.275
-0.346 0.5 9.774 -1.239
-0.343 0.502 9.776 -1.235
-0.341 0.504 9.791 -1.218
-0.339 0.506 9.794 -1.213
-0.337 0.508 9.772 -1.233
-0.335 0.51 9.784 -1.218
-0.333 0.513 9.757 -1.244
-0.33 0.515 9.747 -1.251
-0.328 0.517 9.722 -1.274
-0.326 0.519 9.728 -1.266
-0.324 0.521 9.732 -1.26
-0.322 0.523 9.736 -1.254
-0.32 0.526 9.769 -1.218
-0.317 0.528 9.84 -1.146
-0.315 0.53 9.948 -1.036
-0.313 0.532 10.262 -0.719
-0.311 0.534 9.959 -1.02
-0.309 0.536 9.897 -1.079
-0.307 0.539 9.882 -1.092
-0.304 0.541 10.431 -0.541
-0.302 0.543 9.919 -1.051
-0.3 0.545 10.556 -0.412
-0.298 0.547 9.831 -1.135
-0.296 0.549 9.796 -1.168
-0.294 0.552 9.784 -1.177
-0.291 0.554 9.788 -1.172
-0.289 0.556 9.801 -1.156
-0.287 0.558 9.843 -1.112
-0.285 0.56 9.85 -1.103
-0.283 0.562 9.845 -1.106
-0.281 0.565 9.856 -1.092
-0.278 0.567 9.865 -1.082
-0.276 0.569 9.875 -1.069
-0.274 0.571 9.874 -1.068
-0.272 0.573 9.847 -1.093
-0.27 0.575 9.828 -1.11
-0.268 0.578 9.826 -1.11
-0.265 0.58 9.829 -1.104
-0.263 0.582 9.832 -1.099
-0.261 0.584 9.836 -1.094
-0.259 0.586 9.839 -1.088
-0.257 0.588 9.842 -1.083
-0.255 0.591 9.845 -1.077
-0.252 0.593 9.848 -1.072
-0.25 0.595 9.851 -1.067
-0.248 0.597 9.855 -1.061
-0.246 0.599 9.858 -1.056
-0.244 0.601 9.861 -1.051
-0.242 0.604 9.864 -1.046
-0.239 0.606 9.867 -1.041
-0.237 0.608 9.87 -1.035
-0.235 0.61 9.881 -1.022
-0.233 0.612 9.916 -0.984
-0.231 0.614 9.962 -0.937
-0.229 0.617 9.938 -0.959
-0.226 0.619 9.91 -0.984
-0.224 0.621 9.905 -0.987
-0.222 0.623 9.9 -0.99
-0.22 0.625 9.9 -0.988
-0.218 0.627 9.907 -0.979
-0.216 0.63 9.926 -0.957
-0.213 0.632 9.915 -0.966
-0.211 0.634 9.926 -0.953
-0.209 0.636 9.931 -0.946
-0.207 0.638 9.944 -0.931
-0.205 0.64 9.967 -0.905
-0.203 0.643 9.974 -0.897
-0.2 0.645 10.007 -0.861
-0.198 0.647 10.022 -0.844
-0.196 0.649 10.058 -0.806
-0.194 0.651 10.079 -0.783
-0.192 0.653 10.134 -0.726
-0.19 0.656 10.22 -0.638
-0.187 0.658 10.35 -0.505
-0.185 0.66 10.588 -0.265
-0.183 0.662 11.012 0.161
-0.181 0.664 10.699 -0.15
-0.179 0.666 10.423 -0.423
-0.177 0.669 10.287 -0.557
-0.174 0.671 10.197 -0.645
-0.172 0.673 10.163 -0.677
-0.17 0.675 10.08 -0.758
-0.168 0.677 10.057 -0.779
-0.166 0.679 10.053 -0.781
-0.164 0.682 10.05 -0.781
-0.161 0.684 10.051 -0.778
-0.159 0.686 10.038 -0.79
-0.157 0.688 10.043 -0.782
-0.155 0.69 10.054 -0.769
-0.153 0.692 10.081 -0.74
-0.151 0.695 10.077 -0.742
-0.148 0.697 10.055 -0.761
-0.146 0.699 10.069 -0.745
-0.144 0.701 10.058 -0.754
-0.142 0.703 10.05 -0.76
-0.14 0.705 10.069 -0.739
-0.138 0.708 10.059 -0.747
-0.135 0.71 10.079 -0.725
-0.133 0.712 10.047 -0.754
-0.131 0.714 10.059 -0.74
-0.129 0.716 10.059 -0.738
-0.127 0.718 10.075 -0.72
-0.125 0.721 10.068 -0.725
-0.122 0.723 10.077 -0.714
-0.12 0.725 10.056 -0.732
-0.118 0.727 10.035 -0.751
-0.116 0.729 10.027 -0.757
-0.114 0.731 10.043 -0.738
-0.112 0.734 10.053 -0.727
-0.109 0.736 10.097 -0.68
-0.107 0.738 10.062 -0.713
-0.105 0.74 10.053 -0.721
-0.103 0.742 10.065 -0.706
-0.101 0.744 10.008 -0.761
-0.099 0.747 10.009 -0.758
-0.096 0.749 10.01 -0.754
-0.094 0.751 10.012 -0.75
-0.092 0.753 10.013 -0.747
-0.09 0.755 10.014 -0.743
-0.088 0.757 10.016 -0.74
-0.086 0.76 10.017 -0.737
-0.083 0.762 10.022 -0.729
-0.081 0.764 10.02 -0.73
-0.079 0.766 10.021 -0.726
-0.077 0.768 10.028 -0.717
-0.075 0.77 10.087 -0.656
-0.073 0.773 10.152 -0.589
-0.07 0.775 10.1 -0.638
-0.068 0.777 10.087 -0.649
-0.066 0.779 10.066 -0.668
-0.064 0.781 10.041 -0.691
-0.062 0.783 10.045 -0.685
-0.06 0.786 10.031 -0.697
-0.057 0.788 10.032 -0.694
-0.055 0.79 10.033 -0.691
-0.053 0.792 10.034 -0.687
-0.051 0.794 10.035 -0.684
-0.049 0.796 10.036 -0.681
-0.047 0.799 10.036 -0.678
-0.044 0.801 10.054 -0.658
-0.042 0.803 10.1 -0.61
-0.04 0.805 10.048 -0.66
-0.038 0.807 10.083 -0.623
-0.036 0.809 10.136 -0.568
-0.034 0.812 10.121 -0.581
-0.031 0.814 10.047 -0.653
-0.029 0.816 10.043 -0.654
-0.027 0.818 10.044 -0.651
-0.025 0.82 10.044 -0.649
-0.023 0.822 10.108 -0.583
-0.021 0.824 10.203 -0.486
-0.018 0.827 10.126 -0.561
-0.016 0.829 10.079 -0.605
-0.014 0.831 10.082 -0.6
-0.012 0.833 10.048 -0.632
-0.01 0.835 10.049 -0.629
-0.008 0.837 10.053 -0.623
-0.005 0.84 10.09 -0.584
-0.003 0.842 10.086 -0.585
-0.001 0.844 10.159 -0.51
0.001 0.846 10.216 -0.451
0.003 0.848 10.208 -0.457
0.005 0.85 10.136 -0.527
0.008 0.853 10.084 -0.576
0.01 0.855 10.053 -0.605
0.012 0.857 10.053 -0.603
0.014 0.859 10.054 -0.6
0.016 0.861 10.055 -0.597
0.018 0.863 10.063 -0.587
0.021 0.866 10.111 -0.536
0.023 0.868 10.108 -0.537
0.025 0.87 10.095 -0.548
0.027 0.872 10.13 -0.511
0.029 0.874 10.149 -0.489
0.031 0.876 10.289 -0.348
0.034 0.879 10.457 -0.178
0.036 0.881 10.5 -0.132
0.038 0.883 10.405 -0.225
0.04 0.885 10.328 -0.3
0.042 0.887 10.158 -0.468
0.044 0.889 10.088 -0.536
0.047 0.892 10.091 -0.53
0.049 0.894 10.062 -0.558
0.051 0.896 10.088 -0.529
0.053 0.898 10.128 -0.487
0.055 0.9 10.06 -0.553
0.057 0.902 10.057 -0.553
0.06 0.905 10.057 -0.551
0.062 0.907 10.057 -0.549
0.064 0.909 10.057 -0.547
0.066 0.911 10.057 -0.545
0.068 0.913 10.057 -0.543
0.07 0.915 10.057 -0.54
0.073 0.918 10.057 -0.538
0.075 0.92 10.057 -0.536
0.077 0.922 10.057 -0.534
0.079 0.924 10.057 -0.532
0.081 0.926 10.057 -0.53
0.083 0.928 10.056 -0.528
0.086 0.931 10.056 -0.526
0.088 0.933 10.056 -0.524
0.09 0.935 10.056 -0.522
0.092 0.937 10.056 -0.52
0.094 0.939 10.055 -0.518
0.096 0.941 10.055 -0.516
0.099 0.944 10.069 -0.5
0.101 0.946 10.057 -0.51
0.103 0.948 10.092 -0.473
0.105 0.95 10.209 -0.354
0.107 0.952 10.37 -0.191
0.109 0.954 10.325 -0.234
0.112 0.957 10.178 -0.379
0.114 0.959 10.08 -0.475
0.116 0.961 10.06 -0.492
0.118 0.963 10.052 -0.498
0.12 0.965 10.051 -0.496
0.122 0.967 10.057 -0.489
0.125 0.97 10.051 -0.493
0.127 0.972 10.05 -0.491
0.129 0.974 10.05 -0.49
0.131 0.976 10.049 -0.488
0.133 0.978 10.049 -0.486
0.135 0.98 10.048 -0.484
0.138 0.983 10.048 -0.483
0.14 0.985 10.047 -0.481
0.142 0.987 10.047 -0.48
0.144 0.989 10.046 -0.478
0.146 0.991 10.045 -0.476
0.148 0.993 10.045 -0.475
0.151 0.996 10.044 -0.473
0.153 0.998 10.044 -0.472
0.155 1.0 10.043 -0.47
0.157 1.002 10.042 -0.469
0.159 1.004 10.042 -0.467
0.161 1.006 10.041 -0.466
0.164 1.009 10.04 -0.464
0.166 1.011 10.04 -0.463
0.168 1.013 10.039 -0.461
0.17 1.015 10.038 -0.46
0.172 1.017 10.038 -0.458
0.174 1.019 10.037 -0.457
0.177 1.022 10.036 -0.455
0.179 1.024 10.035 -0.454
0.181 1.026 10.035 -0.453
0.183 1.028 10.034 -0.451
0.185 1.03 10.033 -0.45
0.187 1.032 10.032 -0.448
0.19 1.035 10.031 -0.447
0.192 1.037 10.031 -0.446
0.194 1.039 10.03 -0.444
0.196 1.041 10.029 -0.443
0.198 1.043 10.028 -0.442
0.2 1.045 10.027 -0.44
0.203 1.048 10.026 -0.439
0.205 1.05 10.025 -0.438
0.207 1.052 10.025 -0.437
0.209 1.054 10.024 -0.435
0.211 1.056 10.023 -0.434
0.213 1.058 10.022 -0.433
0.216 1.061 10.021 -0.432
0.218 1.063 10.02 -0.43
0.22 1.065 10.019 -0.429
0.222 1.067 10.018 -0.428
0.224 1.069 10.017 -0.427
0.226 1.071 10.031 -0.411
0.228 1.074 10.015 -0.425
0.231 1.076 10.014 -0.423
0.233 1.078 10.013 -0.422
0.235 1.08 10.012 -0.421
0.237 1.082 10.011 -0.42
0.239 1.084 10.02 -0.408
0.241 1.087 10.023 -0.403
0.244 1.089 10.008 -0.417
0.246 1.091 10.007 -0.416
0.248 1.093 10.006 -0.414
0.25 1.095 10.004 -0.413
0.252 1.097 10.003 -0.412
0.254 1.1 10.002 -0.411
0.257 1.102 10.001 -0.41
0.259 1.104 10.035 -0.374
0.261 1.106 10.005 -0.402
0.263 1.108 9.998 -0.407
0.265 1.11 9.997 -0.406
0.267 1.113 10.044 -0.356
0.27 1.115 10.247 -0.151
0.272 1.117 10.477 0.081
0.274 1.119 10.513 0.119
0.276 1.121 10.226 -0.166
0.278 1.123 10.062 -0.327
0.28 1.126 9.989 -0.399
0.283 1.128 9.988 -0.398
0.285 1.13 9.986 -0.397
0.287 1.132 9.997 -0.384
0.289 1.134 9.984 -0.395
0.291 1.136 9.983 -0.394
0.293 1.139 9.982 -0.393
0.296 1.141 9.981 -0.392
0.298 1.143 9.979 -0.391
0.3 1.145 9.978 -0.39
0.302 1.147 9.977 -0.389
0.304 1.149 9.976 -0.388
0.306 1.152 9.975 -0.387
0.309 1.154 9.974 -0.386
0.311 1.156 9.972 -0.385
0.313 1.158 9.971 -0.384
0.315 1.16 9.97 -0.383
0.317 1.162 9.969 -0.382
0.319 1.165 9.968 -0.381
0.322 1.167 9.967 -0.379
0.324 1.169 9.966 -0.378
0.326 1.171 9.965 -0.377
0.328 1.173 9.964 -0.376
0.33 1.175 9.963 -0.375
0.332 1.178 9.962 -0.374
0.335 1.18 9.961 -0.373
0.337 1.182 9.96 -0.372
0.339 1.184 9.959 -0.37
0.341 1.186 9.958 -0.369
0.343 1.188 9.957 -0.368
0.345 1.191 9.956 -0.367
0.348 1.193 9.955 -0.365
0.35 1.195 9.954 -0.364
0.352 1.197 9.953 -0.363
0.354 1.199 9.953 -0.361
0.356 1.201 9.952 -0.36
0.358 1.204 9.951 -0.358
0.361 1.206 9.951 -0.357
0.363 1.208 9.95 -0.355
0.365 1.21 9.95 -0.354
0.367 1.212 9.949 -0.352
0.369 1.214 9.949 -0.35
0.371 1.217 9.948 -0.348
0.374 1.219 9.948 -0.346
0.376 1.221 9.948 -0.345
0.378 1.223 9.947 -0.343
0.38 1.225 9.947 -0.341
0.382 1.227 9.947 -0.339
0.384 1.23 9.947 -0.336
0.387 1.232 9.947 -0.334
0.389 1.234 9.947 -0.332
0.391 1.236 9.948 -0.329
0.393 1.238 9.948 -0.327
0.395 1.24 9.948 -0.324
0.397 1.243 9.949 -0.322
0.4 1.245 9.949 -0.32
0.402 1.247 9.948 -0.318
0.404 1.249 9.948 -0.316
0.406 1.251 9.948 -0.314
0.408 1.253 9.948 -0.312
0.41 1.256 9.948 -0.309
0.413 1.258 9.949 -0.307
0.415 1.26 9.949 -0.304
0.417 1.262 9.95 -0.301
0.419 1.264 9.951 -0.298
0.421 1.266 9.952 -0.295
0.423 1.269 9.953 -0.292
0.426 1.271 9.954 -0.288
0.428 1.273 9.956 -0.285
0.43 1.275 9.957 -0.281
0.432 1.277 9.959 -0.277
0.434 1.279 9.961 -0.272
0.436 1.282 9.963 -0.268
0.439 1.284 9.966 -0.263
0.441 1.286 9.969 -0.259
0.443 1.288 9.971 -0.254
0.445 1.29 9.975 -0.248
0.447 1.292 9.978 -0.243
0.449 1.295 9.981 -0.237
0.452 1.297 9.985 -0.231
0.454 1.299 9.989 -0.225
0.456 1.301 9.993 -0.219
0.458 1.303 9.998 -0.212
0.46 1.305 10.002 -0.206
0.462 1.308 10.007 -0.199
0.465 1.31 10.012 -0.191
0.467 1.312 10.017 -0.184
0.469 1.314 10.023 -0.176
0.471 1.316 10.029 -0.168
0.473 1.318 10.035 -0.16
0.475 1.321 10.041 -0.152
0.478 1.323 10.047 -0.143
0.48 1.325 10.054 -0.134
0.482 1.327 10.061 -0.125
0.484 1.329 10.068 -0.116
0.486 1.331 10.075 -0.107
0.488 1.334 10.083 -0.097
0.491 1.336 10.09 -0.087
0.493 1.338 10.099 -0.077
0.495 1.34 10.107 -0.066
0.497 1.342 10.115 -0.056
0.499 1.344 10.124 -0.045
0.501 1.347 10.132 -0.034
0.504 1.349 10.141 -0.023
0.506 1.351 10.15 -0.012
0.508 1.353 10.16 -0.001
0.51 1.355 10.169 0.011
0.512 1.357 10.179 0.023
0.514 1.36 10.188 0.035
0.517 1.362 10.198 0.047
0.519 1.364 10.208 0.059
0.521 1.366 10.218 0.071
0.523 1.368 10.229 0.084
0.525 1.37 10.24 0.097
0.527 1.373 10.25 0.109
0.53 1.375 10.261 0.123
0.532 1.377 10.272 0.135
0.534 1.379 10.283 0.149
0.536 1.381 10.294 0.162
0.538 1.383 10.305 0.175
0.54 1.386 10.316 0.189
0.543 1.388 10.328 0.202
0.545 1.39 10.339 0.216
0.547 1.392 10.35 0.229
0.549 1.394 10.362 0.243
0.551 1.396 10.373 0.257
0.553 1.399 10.385 0.271
0.556 1.401 10.397 0.285
0.558 1.403 10.409 0.299
0.56 1.405 10.421 0.313
0.562 1.407 10.433 0.327
0.564 1.409 10.445 0.341
0.566 1.412 10.457 0.355
0.569 1.414 10.468 0.369
0.571 1.416 10.481 0.383
0.573 1.418 10.493 0.398
0.575 1.42 10.505 0.412
0.577 1.422 10.517 0.426
0.579 1.424 10.529 0.44
0.582 1.427 10.541 0.454
0.584 1.429 10.553 0.469
0.586 1.431 10.565 0.483
0.588 1.433 10.577 0.497
0.59 1.435 10.59 0.512
0.592 1.437 10.601 0.526
0.595 1.44 10.614 0.54
0.597 1.442 10.626 0.555
0.599 1.444 10.638 0.569
0.601 1.446 10.65 0.583
0.603 1.448 10.662 0.597
0.605 1.45 10.674 0.611
0.608 1.453 10.686 0.625
0.61 1.455 10.698 0.639
0.612 1.457 10.71 0.654
0.614 1.459 10.722 0.668
0.616 1.461 10.733 0.682
0.618 1.463 10.745 0.696
0.621 1.466 10.757 0.71
0.623 1.468 10.769 0.723
0.625 1.47 10.781 0.737
0.627 1.472 10.792 0.751
0.629 1.474 10.804 0.765
0.631 1.476 10.815 0.779
0.634 1.479 10.827 0.792
0.636 1.481 10.838 0.806
0.638 1.483 10.85 0.82
0.64 1.485 10.861 0.833
0.642 1.487 10.873 0.847
0.644 1.489 10.884 0.86
0.647 1.492 10.895 0.874
0.649 1.494 10.906 0.887
0.651 1.496 10.918 0.901
0.653 1.498 10.929 0.914
0.655 1.5 10.94 0.927
0.657 1.502 10.951 0.94
0.66 1.505 10.962 0.953
0.662 1.507 10.973 0.966
0.664 1.509 10.984 0.979
0.666 1.511 10.994 0.992
0.668 1.513 11.005 1.005
0.67 1.515 11.016 1.018
0.673 1.518 11.026 1.031
0.675 1.52 11.037 1.044
0.677 1.522 11.047 1.056
0.679 1.524 11.058 1.069
0.681 1.526 11.068 1.082
0.683 1.528 11.079 1.094
0.686 1.531 11.089 1.106
0.688 1.533 11.099 1.119
0.69 1.535 11.109 1.131
0.692 1.537 11.119 1.143
0.694 1.539 11.129 1.156
0.696 1.541 11.139 1.168
0.699 1.544 11.149 1.18
0.701 1.546 11.159 1.192
0.703 1.548 11.169 1.204
0.705 1.55 11.179 1.216
0.707 1.552 11.188 1.228
0.709 1.554 11.198 1.239
0.712 1.557 11.208 1.251
0.714 1.559 11.217 1.263
0.724 1.57 11.263 1.32
0.735 1.58 11.308 1.375
0.746 1.591 11.351 1.429
0.757 1.602 11.393 1.481
0.767 1.612 11.433 1.532
0.778 1.623 11.472 1.582
0.789 1.634 11.509 1.63
0.799 1.645 11.545 1.676
0.81 1.655 11.58 1.722
0.821 1.666 11.613 1.766
0.832 1.677 11.644 1.808
0.842 1.687 11.675 1.849
0.853 1.698 11.704 1.889
0.864 1.709 11.732 1.928
0.875 1.72 11.759 1.965
0.885 1.73 11.784 2.001
0.896 1.741 11.808 2.036
0.907 1.752 11.831 2.07
0.917 1.763 11.853 2.102
0.928 1.773 11.873 2.134
0.939 1.784 11.893 2.164
0.95 1.795 11.911 2.193
0.96 1.805 11.929 2.221
0.971 1.816 11.945 2.248
0.982 1.827 11.96 2.274
0.993 1.838 11.974 2.299
1.003 1.848 11.987 2.323
1.014 1.859 12.0 2.345
1.025 1.87 12.011 2.367
1.035 1.881 12.021 2.388
1.046 1.891 12.03 2.409
1.057 1.902 12.039 2.428
1.068 1.913 12.047 2.446
1.078 1.923 12.053 2.464
1.089 1.934 12.059 2.48
1.1 1.945 12.064 2.496
1.11 1.956 12.069 2.511
1.121 1.966 12.072 2.525
1.132 1.977 12.075 2.539
1.143 1.988 12.077 2.551
1.153 1.998 12.078 2.563
1.164 2.009 12.079 2.575
1.175 2.02 12.078 2.585
1.186 2.031 12.078 2.595
1.196 2.041 12.076 2.605
1.207 2.052 12.074 2.613
1.218 2.063 12.072 2.621
1.228 2.074 12.068 2.629
1.239 2.084 12.064 2.635
1.25 2.095 12.06 2.642
1.261 2.106 12.055 2.648
1.271 2.116 12.049 2.653
1.282 2.127 12.043 2.657
1.293 2.138 12.037 2.662
1.304 2.149 12.03 2.665
1.314 2.159 12.022 2.668
1.325 2.17 12.014 2.671
1.336 2.181 12.006 2.674
1.346 2.192 11.997 2.675
1.357 2.202 11.988 2.677
1.368 2.213 11.978 2.678
1.379 2.224 11.968 2.679
1.389 2.234 11.958 2.679
1.4 2.245 11.947 2.679
1.411 2.256 11.936 2.679
1.421 2.267 11.925 2.678
1.432 2.277 11.913 2.677
1.443 2.288 11.901 2.676
1.454 2.299 11.889 2.675
1.464 2.309 11.877 2.673
1.475 2.32 11.864 2.671
1.486 2.331 11.851 2.669
1.497 2.342 11.838 2.666
1.507 2.352 11.824 2.664
1.518 2.363 11.811 2.661
1.529 2.374 11.797 2.658
1.539 2.385 11.783 2.655
1.55 2.395 11.769 2.651
1.561 2.406 11.755 2.648
1.572 2.417 11.741 2.644
1.582 2.427 11.726 2.64
1.593 2.438 11.712 2.637
1.604 2.449 11.697 2.633
1.615 2.46 11.682 2.629
1.625 2.47 11.667 2.624
1.636 2.481 11.652 2.62
1.647 2.492 11.637 2.616
1.657 2.502 11.622 2.612
1.668 2.513 11.607 2.607
1.679 2.524 11.592 2.603
1.69 2.535 11.577 2.598
1.7 2.545 11.561 2.593
1.711 2.556 11.546 2.589
1.722 2.567 11.53 2.584
1.732 2.578 11.514 2.579
1.743 2.588 11.499 2.574
1.754 2.599 11.483 2.569
1.765 2.61 11.467 2.564
1.775 2.62 11.451 2.558
1.786 2.631 11.434 2.553
1.797 2.642 11.418 2.547
1.808 2.653 11.401 2.541
1.818 2.663 11.385 2.535
1.829 2.674 11.367 2.528
1.84 2.685 11.35 2.522
1.85 2.696 11.333 2.515
1.861 2.706 11.315 2.508
1.872 2.717 11.297 2.5
1.883 2.728 11.278 2.493
1.893 2.738 11.259 2.485
1.904 2.749 11.24 2.476
1.915 2.76 11.221 2.467
1.925 2.771 11.201 2.458
1.936 2.781 11.18 2.449
1.947 2.792 11.16 2.438
1.958 2.803 11.138 2.428
1.968 2.813 11.117 2.417
1.979 2.824 11.095 2.406
1.99 2.835 11.072 2.394
2.001 2.846 11.049 2.382
2.011 2.856 11.025 2.369
2.022 2.867 11.001 2.355
2.033 2.878 10.977 2.342
2.043 2.889 10.952 2.327
2.054 2.899 10.926 2.313
2.065 2.91 10.9 2.297
2.076 2.921 10.874 2.281
2.086 2.931 10.847 2.265
2.097 2.942 10.819 2.248
2.108 2.953 10.791 2.231
2.119 2.964 10.763 2.213
2.129 2.974 10.733 2.195
2.14 2.985 10.704 2.176
2.151 2.996 10.674 2.157
2.161 3.007 10.643 2.137
2.172 3.017 10.612 2.116
2.183 3.028 10.581 2.096
2.194 3.039 10.549 2.074
2.204 3.049 10.516 2.053
2.215 3.06 10.483 2.03
2.226 3.071 10.45 2.008
2.236 3.082 10.416 1.985
2.247 3.092 10.382 1.961
2.258 3.103 10.347 1.937
2.269 3.114 10.312 1.913
2.279 3.124 10.276 1.888
2.29 3.135 10.241 1.863
2.301 3.146 10.204 1.837
2.312 3.157 10.167 1.811
2.322 3.167 10.13 1.785
2.333 3.178 10.093 1.758
2.344 3.189 10.055 1.731
2.354 3.2 10.017 1.703
2.365 3.21 9.978 1.675
2.376 3.221 9.939 1.647
2.387 3.232 9.9 1.619
2.397 3.242 9.861 1.59
2.408 3.253 9.821 1.561
2.419 3.264 9.781 1.531
2.43 3.275 9.74 1.502
2.44 3.285 9.7 1.472
2.451 3.296 9.659 1.442
2.462 3.307 9.617 1.411
2.472 3.318 9.576 1.38
2.483 3.328 9.534 1.349
2.494 3.339 9.492 1.318
2.505 3.35 9.45 1.286
2.515 3.36 9.407 1.254
2.526 3.371 9.364 1.222
2.537 3.382 9.321 1.19
2.547 3.393 9.278 1.158
2.558 3.403 9.235 1.125
2.569 3.414 9.191 1.092
2.58 3.425 9.147 1.059
2.59 3.435 9.104 1.026
2.601 3.446 9.059 0.992
2.612 3.457 9.015 0.959
2.623 3.468 8.971 0.925
2.633 3.478 8.926 0.891
2.644 3.489 8.881 0.857
2.655 3.5 8.836 0.823
2.665 3.511 8.791 0.789
2.676 3.521 8.746 0.754
2.687 3.532 8.701 0.72
2.698 3.543 8.655 0.685
2.708 3.553 8.61 0.65
2.719 3.564 8.564 0.615
2.73 3.575 8.519 0.58
2.741 3.586 8.473 0.545
2.751 3.596 8.427 0.51
2.762 3.607 8.381 0.475
2.773 3.618 8.335 0.439
2.783 3.628 8.289 0.404
2.794 3.639 8.243 0.369
2.805 3.65 8.197 0.334
2.816 3.661 8.15 0.298
2.826 3.671 8.104 0.263
2.837 3.682 8.058 0.227
2.848 3.693 8.012 0.192
2.858 3.704 7.966 0.156
2.869 3.714 7.92 0.121
2.88 3.725 7.874 0.086
2.891 3.736 7.828 0.051
2.901 3.746 7.782 0.016
2.912 3.757 7.736 -0.019
2.923 3.768 7.691 -0.054
2.934 3.779 7.646 -0.089
2.944 3.789 7.6 -0.124
2.955 3.8 7.555 -0.158
2.966 3.811 7.51 -0.192
2.976 3.822 7.465 -0.226
2.987 3.832 7.421 -0.26
2.998 3.843 7.377 -0.293
3.009 3.854 7.333 -0.326
3.019 3.864 7.289 -0.359
3.03 3.875 7.246 -0.392
3.041 3.886 7.204 -0.423
3.051 3.897 7.161 -0.455
3.062 3.907 7.12 -0.486
3.073 3.918 7.078 -0.517
3.084 3.929 7.038 -0.547
3.094 3.939 6.997 -0.576
3.105 3.95 6.958 -0.605
3.116 3.961 6.919 -0.633
3.127 3.972 6.881 -0.661
3.137 3.982 6.843 -0.688
3.148 3.993 6.806 -0.714
3.159 4.004 6.77 -0.739
3.169 4.015 6.735 -0.763
3.18 4.025 6.701 -0.787
3.191 4.036 6.668 -0.809
3.202 4.047 6.636 -0.831
3.212 4.057 6.604 -0.851
3.223 4.068 6.574 -0.871
3.234 4.079 6.544 -0.89
3.245 4.09 6.516 -0.907
3.255 4.1 6.489 -0.924
3.266 4.111 6.462 -0.94
3.277 4.122 6.437 -0.954
3.287 4.133 6.413 -0.968
3.298 4.143 6.39 -0.98
3.309 4.154 6.367 -0.992
3.32 4.165 6.346 -1.002
3.33 4.175 6.326 -1.012
3.341 4.186 6.307 -1.02
3.352 4.197 6.288 -1.028
3.362 4.208 6.271 -1.034
3.373 4.218 6.255 -1.04
3.384 4.229 6.239 -1.045
3.395 4.24 6.224 -1.049
3.405 4.25 6.211 -1.052
3.416 4.261 6.197 -1.054
3.427 4.272 6.185 -1.056
3.438 4.283 6.174 -1.057
3.448 4.293 6.163 -1.057
3.459 4.304 6.152 -1.057
3.47 4.315 6.143 -1.056
3.48 4.326 6.134 -1.054
3.491 4.336 6.125 -1.051
3.502 4.347 6.118 -1.049
3.513 4.358 6.11 -1.045
3.523 4.368 6.103 -1.041
3.534 4.379 6.097 -1.037
3.545 4.39 6.091 -1.032
3.556 4.401 6.086 -1.027
3.566 4.411 6.081 -1.021
3.577 4.422 6.076 -1.015
3.588 4.433 6.072 -1.009
3.598 4.444 6.068 -1.002
3.609 4.454 6.064 -0.994
3.62 4.465 6.061 -0.987
3.631 4.476 6.058 -0.979
3.641 4.486 6.056 -0.971
3.652 4.497 6.054 -0.962
3.663 4.508 6.052 -0.954
3.673 4.519 6.05 -0.945
3.684 4.529 6.048 -0.935
3.695 4.54 6.047 -0.926
3.706 4.551 6.046 -0.916
3.716 4.561 6.046 -0.906
3.727 4.572 6.045 -0.896
3.738 4.583 6.045 -0.885
3.749 4.594 6.045 -0.875
3.759 4.604 6.045 -0.864
3.77 4.615 6.045 -0.853
3.781 4.626 6.046 -0.841
3.791 4.637 6.047 -0.83
3.802 4.647 6.047 -0.818
3.813 4.658 6.049 -0.807
3.824 4.669 6.05 -0.795
3.834 4.679 6.051 -0.783
3.845 4.69 6.053 -0.77
3.856 4.701 6.054 -0.758
3.867 4.712 6.056 -0.745
3.877 4.722 6.058 -0.733
3.888 4.733 6.06 -0.72
3.899 4.744 6.062 -0.707
3.909 4.755 6.065 -0.694
3.92 4.765 6.067 -0.681
3.931 4.776 6.07 -0.667
3.942 4.787 6.072 -0.654
3.952 4.797 6.075 -0.64
3.963 4.808 6.078 -0.627
3.974 4.819 6.081 -0.613
3.984 4.83 6.084 -0.599
3.995 4.84 6.087 -0.585
4.006 4.851 6.091 -0.571
4.006 4.851 6.091 -0.571
4.016 4.861 6.094 -0.558
4.026 4.871 6.097 -0.545
4.036 4.881 6.1 -0.532
4.046 4.891 6.104 -0.518
4.056 4.901 6.107 -0.505
4.066 4.911 6.11 -0.491
4.076 4.921 6.114 -0.478
4.086 4.931 6.117 -0.464
4.096 4.941 6.121 -0.451
4.106 4.951 6.125 -0.437
4.116 4.961 6.129 -0.423
4.126 4.972 6.132 -0.409
4.136 4.982 6.136 -0.395
4.146 4.992 6.14 -0.381
4.157 5.002 6.144 -0.367
4.167 5.012 6.148 -0.353
4.177 5.022 6.152 -0.339
4.187 5.032 6.156 -0.325
4.197 5.042 6.16 -0.311
4.207 5.052 6.164 -0.297
4.217 5.062 6.168 -0.283
4.227 5.072 6.173 -0.269
4.237 5.082 6.177 -0.254
4.247 5.092 6.181 -0.24
4.257 5.102 6.185 -0.226
4.267 5.112 6.19 -0.211
4.277 5.122 6.194 -0.197
4.287 5.132 6.198 -0.182
4.297 5.142 6.203 -0.168
4.307 5.152 6.207 -0.154
4.317 5.162 6.212 -0.139
4.327 5.172 6.216 -0.125
4.337 5.182 6.221 -0.11
4.347 5.192 6.225 -0.095
4.357 5.202 6.23 -0.081
4.367 5.213 6.234 -0.066
4.377 5.223 6.239 -0.052
4.387 5.233 6.243 -0.037
4.398 5.243 6.248 -0.022
4.408 5.253 6.253 -0.008
4.418 5.263 6.257 0.007
4.428 5.273 6.262 0.022
4.438 5.283 6.267 0.036
4.448 5.293 6.271 0.051
4.458 5.303 6.276 0.066
4.468 5.313 6.281 0.081
4.478 5.323 6.286 0.095
4.488 5.333 6.29 0.11
4.498 5.343 6.295 0.125
4.508 5.353 6.3 0.14
4.518 5.363 6.305 0.155
4.528 5.373 6.309 0.169
4.538 5.383 6.314 0.184
4.548 5.393 6.319 0.199
4.558 5.403 6.324 0.214
4.568 5.413 6.329 0.229
4.578 5.423 6.333 0.244
4.588 5.433 6.338 0.259
4.598 5.443 6.343 0.273
4.608 5.453 6.348 0.288
4.618 5.464 6.353 0.303
4.628 5.474 6.358 0.318
4.639 5.484 6.362 0.333
4.649 5.494 6.367 0.348
4.659 5.504 6.372 0.363
4.669 5.514 6.377 0.378
4.679 5.524 6.382 0.393
4.689 5.534 6.387 0.408
4.699 5.544 6.392 0.423
4.709 5.554 6.397 0.438
4.719 5.564 6.402 0.452
4.729 5.574 6.407 0.467
4.739 5.584 6.411 0.482
4.749 5.594 6.416 0.497
4.759 5.604 6.421 0.512
4.769 5.614 6.426 0.527
4.779 5.624 6.431 0.542
4.789 5.634 6.436 0.557
4.799 5.644 6.441 0.572
4.809 5.654 6.446 0.587
4.819 5.664 6.451 0.602
4.829 5.674 6.456 0.617
4.839 5.684 6.461 0.632
4.849 5.694 6.466 0.647
4.859 5.705 6.471 0.662
4.869 5.715 6.476 0.677
4.88 5.725 6.481 0.692
4.89 5.735 6.486 0.707
4.9 5.745 6.491 0.722
4.91 5.755 6.496 0.737
4.92 5.765 6.501 0.752
4.93 5.775 6.506 0.767
4.94 5.785 6.511 0.782
4.95 5.795 6.516 0.797
4.96 5.805 6.521 0.812
4.97 5.815 6.526 0.827
4.98 5.825 6.531 0.842
4.99 5.835 6.536 0.857
5.0 5.845 6.541 0.872
